32.33
31.49
32.11
32.19
33.47
32.89
32.16
32.21
31.56
31.20
33.56
33.36
30.83
31.46
31.96
32.78
32.14
31.73
32.33
32.95
32.27
32.16
32.12
32.82
31.14
32.24
32.50
32.22
31.52
31.96
31.60
31.62
32.42
31.91
32.65
31.71
32.09
33.33
31.73
32.50
31.75
31.76
33.80
32.21
31.94
30.75
31.01
32.15
32.90
33.00
32.51
32.93
31.86
31.86
31.94
32.27
33.70
32.81
31.16
33.01
31.84
30.59
32.65
32.75
32.84
32.54
33.06
33.65
32.58
32.36
32.29
32.25
33.23
31.49
32.26
32.84
32.04
32.51
32.96
32.09
31.37
32.79
32.83
32.52
30.69
32.21
31.72
31.39
30.97
32.66
32.72
31.52
32.17
33.08
32.85
32.60
32.10
33.14
32.24
31.49
MeanCorrect = 67.76
Min = 66.20