32.61
32.73
31.94
34.26
33.75
31.41
31.69
31.96
32.40
31.90
33.55
31.96
33.20
30.27
31.10
31.67
31.26
31.85
32.39
32.19
33.60
34.23
30.84
32.87
32.98
32.71
33.89
31.06
32.88
33.12
32.45
31.40
32.06
33.11
32.28
31.62
33.84
32.64
33.33
31.97
31.95
33.26
32.94
32.41
32.85
31.54
31.06
30.65
33.45
32.32
34.19
33.65
32.67
31.29
31.71
32.13
32.71
32.13
32.78
31.46
33.98
30.14
32.22
32.34
33.45
31.46
32.16
31.02
32.75
33.48
33.51
32.19
31.46
32.08
33.33
33.52
32.44
33.71
30.24
31.55
33.26
34.07
32.37
31.09
33.96
32.79
31.81
32.39
31.15
31.63
34.24
31.97
31.73
33.02
33.14
32.97
31.91
31.27
33.00
32.31
MeanCorrect = 67.59
Min = 65.74