31.90
32.66
32.80
32.30
32.18
33.14
32.07
32.17
32.14
31.81
32.81
32.92
33.69
32.40
31.93
32.12
32.96
32.47
33.14
32.51
32.70
32.52
32.58
32.71
32.18
33.16
32.57
32.79
32.50
33.12
32.68
32.92
32.45
32.74
32.56
32.38
32.29
32.54
32.85
32.32
32.88
32.40
31.99
32.53
31.99
32.34
32.42
32.52
32.50
33.22
32.34
32.10
32.72
32.07
32.22
33.24
32.91
33.06
32.26
32.58
33.64
32.71
32.56
32.89
32.86
32.62
31.94
32.30
32.55
32.58
32.04
32.26
32.60
31.47
32.97
31.94
32.19
32.46
32.06
33.16
32.18
33.55
33.47
32.79
33.30
32.67
33.24
32.73
32.41
32.06
32.80
33.18
32.20
31.96
32.36
31.93
32.93
32.16
32.44
33.31
MeanCorrect = 67.44
Min = 66.31