33.660
31.343
34.389
34.203
34.346
30.454
32.507
31.930
31.769
35.614
33.513
31.200
35.014
34.234
31.182
32.261
32.491
34.615
35.490
34.345
32.286
33.894
31.657
31.339
33.563
31.806
32.105
30.797
30.166
32.000
31.941
32.428
33.304
34.172
30.988
31.397
32.704
33.154
34.441
30.629
37.315
34.951
33.752
32.988
34.270
28.834
33.513
32.335
30.816
31.419
32.769
33.659
30.823
32.680
33.846
31.851
31.187
35.100
31.632
31.193
34.025
32.636
33.093
35.215
35.289
33.802
32.140
33.007
32.556
33.246
32.763
32.587
32.597
30.230
35.031
33.160
30.762
32.644
33.566
32.726
32.937
33.425
34.902
32.250
30.896
35.708
34.213
32.425
32.278
31.323
34.155
32.692
33.720
31.790
35.122
32.637
32.571
32.252
32.866
31.547
MeanCorrect = 67.15
Min = 62.69