30.13
28.18
28.57
29.31
30.90
30.57
32.53
31.27
26.55
30.07
30.19
29.18
33.11
31.43
31.99
28.29
30.48
32.21
29.93
32.14
31.23
33.03
27.21
28.67
33.12
25.09
30.94
35.03
30.46
25.17
29.06
31.84
30.31
33.33
30.31
30.60
29.59
25.99
32.11
29.45
32.01
32.06
32.06
33.11
30.56
31.15
31.67
33.44
33.01
32.10
28.73
28.42
32.88
30.38
26.09
25.47
30.45
32.98
28.43
30.56
29.77
27.62
34.40
29.18
31.95
28.89
29.36
31.71
26.22
27.55
30.56
32.17
32.84
29.45
32.17
28.39
32.77
31.15
29.29
36.54
30.79
26.69
31.07
30.10
30.99
31.45
29.04
30.42
24.25
28.42
30.14
31.18
27.85
23.20
25.59
30.14
29.19
33.56
27.39
29.73
MeanCorrect = 69.82
Min = 63.46
